33,92
33,91
33,90
33,89
33,88
33,87
25,5
43,35
25,4
25,1
25,3
24,4
24,1
24,3
14,5
10,196
10,262
10,104
10,74
10,140
10,142
10,80
10,6
11,19
11,8
11,9
11,10
11,5
11,26
11,14
8,12
8,4
0,318
12,2
12,1
12,3
35,7
35,6
35,5
35,4
35,3
35,2
35,1
35,0
34,5
34,4
34,3
34,2
34,1
33,127
33,126
33,125
33,124
33,123
33,122
33,121
33,120
33,119
33,118
33,117
33,116
33,115
33,114
33,113
33,112
33,111
33,110
33,109
33,108
33,107
33,106
33,105
33,104
33,103
33,102
33,101
33,100
33,99
33,98
33,97
33,96
33,95
33,86
33,85
33,84
33,83
33,82
33,9
33,6
33,5
33,4
33,3
33,2
18,1
33,1
33,0
18,3
31,7
31,5
31,4
31,3
14,1
14,4
31,1
30,4
30,3
14,3
30,1
29,4
29,3
29,2
13,1
13,3
29,1
28,5
28,4
28,3
28,1
27,5
27,4
27,3
27,1
